galaxies.ecsv
# %ECSV 1.0
# ---
# datatype:
# - {name: x, datatype: float32}
# - {name: y, datatype: float32}
# - {name: z, datatype: float32}
# meta: {L: 2000.0}
# schema: astropy-2.0
x y z
[from data line 54667]
1808.5604 1470.343 1602.1947
1808.1819 1491.4407 1327.6992
1808.2493 1533.7458 347.1863
1808.3684 1577.7661 548.6802
1808.0822 1599.7549 168.74982
1807.712 1602.1042 1602.9363
1808.9995 1641.308 1907.9521
1808.6658 1665.1094 847.0682
1808.899 1692.1056 1314.2961
1808.1586 1722.2217 1435.3497
1808.5885 1721.2301 1483.3138
1807.8037 1730.4248 1446.2909
1809.0803 1757.4678 738.76495
1808.8093 1765.1926 984.86646
1808.1719 1794.6499 923.94635
1808.9784 1798.6918 914.25024
1809.5486 1811.9993 824.6596
1808.7329 1837.5052 926.10834
1808.4296 1858.382 1108.4651
1808.0685 1915.6399 324.2706
1809.9352 5.92543 1597.0988
1809.7666 12.961203 215.28438
1807.9507 23.16676 1042.7937
1808.839 29.236416 1144.3203
1808.6387 91.53861 1781.469
1808.7501 148.04935 481.45407
1808.3542 147.11913 482.52808
1809.1163 161.72267 435.31873
1808.2573 171.08124 1186.5061
1809.7303 173.66223 1199.4851
1809.1407 210.09415 988.19
1808.5186 262.2062 1931.5863
1808.9073 312.84586 762.17535
1808.9236 326.52582 1562.9441
1808.1665 328.26175 42.66542
1808.8605 330.88437 1444.1279
1808.885 360.87433 874.2738
1809.385 367.02588 111.134636
1808.0518 378.63562 223.71468
1807.3695 379.7939 223.25655
1807.9641 411.8565 151.20326
1808.2295 418.5502 765.04803
1808.6968 437.8434 1554.124
1807.8484 488.60886 1275.8564
1808.7367 495.84186 842.0499
1809.178 502.09357 1563.2539
1808.9541 519.7511 1546.9088
1808.9949 520.76544 179.77527
1808.6313 532.6039 468.90915
1808.9222 585.72766 1603.1194
1808.5806 592.88965 1477.1665
1808.5942 663.27106 1947.613
1807.9666 722.77277 980.4988
1807.8821 729.41034 1813.5964
1809.1443 739.60223 695.906
1808.1488 787.3839 1388.0068
1808.9547 802.3323 1686.3291
1808.8591 829.3997 1991.9419
1808.185 835.8608 1773.1562
1808.3684 876.1923 140.92348
1809.936 907.07056 1668.9185
1808.1577 911.8461 460.68576
1807.9781 929.06824 1743.3538
1808.3254 939.57587 1748.5737
1808.2728 939.2821 130.85278
1807.9958 961.2074 1022.13666
1808.3981 972.8148 617.21045
1808.4775 976.0593 213.02469
1810.3915 1013.496 455.9739
1809.0078 1072.8796 109.1482
1809.9696 1086.7546 126.19167
1809.6824 1108.9949 1121.4083
1810.6478 1108.7368 708.7874
1809.518 1120.4872 1300.6934
1809.3394 1124.6431 1587.5541
1810.2861 1182.5355 1021.14075
1811.1536 1265.2819 1978.4651
1809.6943 1266.8884 1501.7683
1809.8202 1286.7048 775.8686
1810.7449 1292.6631 1721.8055
1810.4244 1297.4348 1636.7137
1812.9757 1295.217 1634.0166
1809.2244 1320.5791 1996.0536
1809.6329 1364.7925 315.77383
1810.3749 1377.904 1425.029
1809.5432 1414.5823 1129.8234
1809.9463 1447.6385 1446.1472
1809.2904 1449.9956 1453.3516
1810.2087 1478.4946 324.12506
1809.3406 1475.487 324.10388
1809.189 1474.0862 324.6092
1810.8937 1479.7642 748.74805
1809.6824 1513.5671 19.666517
1810.6265 1557.0747 209.46321
1810.4021 1577.9845 134.87473
1809.689 1587.7603 1841.7021
1810.0186 1594.9777 1024.0977
1810.0688 1640.8018 1890.1266
1811.644 1643.364 93.32601
1812.0927 1645.1726 92.10483
1812.432 1648.082 89.784584
1809.9662 1652.8134 953.1843
1809.3036 1672.1313 1938.8167
1809.8333 1713.987 1867.6755
1810.3708 1740.2859 1876.3855
1809.8411 1758.3674 542.4077
1808.9408 1789.5627 1945.2056
1809.6222 1791.4865 924.2254
1810.1898 1804.5724 911.64075
1809.5239 1809.6094 902.9481
1810.1458 1815.7024 1028.4587
1809.9635 1841.7067 728.92834
1809.748 1884.0448 1828.3798
1810.5356 1911.3884 1462.3894
1810.1509 1922.0634 334.43796
1809.2388 1929.8 1452.1802
1810.1501 1961.3518 23.487448
1810.3009 1970.8884 816.52844
1810.0836 1981.3811 1262.2334
1809.6682 1985.5745 994.8616
1809.4618 63.854977 1174.1804
1810.3381 80.02283 1105.8759
1808.9663 84.68654 1092.2913
1809.3175 146.50598 751.499
1809.3448 155.67375 1629.6785
1809.9037 182.18669 1030.132
1810.7843 192.67607 986.46106
1809.9268 233.17075 1830.0206
1809.31 287.4617 1328.0205
1810.5839 291.94278 314.66638
1809.4698 291.12994 628.51874
1809.5284 308.78888 196.93092
1810.3176 312.23132 271.5509
1809.2578 313.93982 173.69844
1809.9293 326.20813 1192.6155
1810.1427 349.75262 1552.3987
1810.0553 383.87952 1299.8728
1811.0491 424.4897 1428.4111
1810.1262 446.6248 1735.1497
1809.8582 475.2335 1194.8423
1809.0266 482.62967 827.838
1809.9768 492.24075 839.48175
1809.3546 506.7131 1891.2454
1810.366 568.739 1131.3352
1810.4686 591.91046 1284.189
1810.1813 597.7675 511.27618
1809.4005 613.6623 1414.0786
1809.6034 653.29926 1967.8584
1810.1329 673.9504 1883.574
1809.5796 691.7177 1583.3336
1810.1929 733.7251 1645.6304
1810.0758 741.73254 1027.3201
1809.2545 749.5041 101.582115
1810.0117 770.912 604.9443
1809.0831 816.83984 625.27814
1811.3118 843.8306 456.14325
1809.4222 881.1383 91.9949
1809.3514 973.70465 542.0533
1810.0688 980.28937 1730.6757
1810.0475 993.50397 1980.6279
1810.7849 1032.8188 1252.9501
1811.4133 1076.3026 111.28081
1810.7242 1083.6677 1244.653
1809.9269 1102.1257 1769.061
1811.8711 1108.0674 651.32806
1810.8969 1135.4586 1280.1731
1811.3352 1142.8511 737.0102
1810.4642 1160.8009 847.9823
1810.8646 1195.8042 533.45447
1810.74 1279.0287 1120.5358
1810.9016 1314.8577 783.5757
1810.28 1329.343 787.079
1810.2308 1367.5759 1807.6455
1811.5452 1367.3457 1896.842
1811.9708 1381.8682 124.2607
1810.9928 1406.2458 359.87338
1811.1304 1413.2512 372.74786
1811.4893 1417.3328 1797.5117
1811.2097 1417.1353 1796.5151
1810.2692 1429.8135 1429.9773
1810.0945 1448.2992 1531.3444
1811.1284 1465.9805 326.5245
1810.7139 1506.6671 198.93236
1811.2021 1507.0013 358.53848
1812.271 1569.0923 1432.4159
1810.4298 1572.6099 333.39163
1810.5529 1600.4065 159.46823
1810.3365 1675.1572 1481.3113
1811.2803 1692.3447 1656.0403
1810.6411 1710.205 1630.2188
1811.2863 1737.0605 1072.8704
1811.189 1765.8628 850.61145
1810.1079 1796.5651 1327.4639
1811.7672 1836.3748 929.40967
1810.1864 1874.4944 1435.0703
1810.1593 1893.5725 671.58
1811.7692 1891.2606 718.75336
1810.7343 1915.0703 1691.5692
1810.8026 1955.739 793.95435
1813.4496 1955.1509 1176.9962
1811.3801 1990.133 39.625347
1810.6799 1993.9823 1175.2117
1809.9688 42.49794 1195.1611
1812.937 59.896687 104.48567
1810.6449 78.827545 1862.5931
1810.7072 97.34588 514.6507
1810.8188 105.85566 504.66443
1810.7693 107.358 1383.9713
1811.4641 111.993355 1811.6636
1811.1798 166.85403 474.86694
1811.4088 178.17325 1186.9363
1811.0806 186.49121 985.5587
1811.3225 245.1725 101.0236
1811.4382 250.7504 1823.2542
1810.4175 250.59056 767.1556
1810.8982 251.38467 672.8105
1811.1157 279.12006 1301.9043
1811.2751 298.4047 1987.5704
1811.4395 315.31143 1048.8115
1810.8735 319.31616 1322.9705
1810.4862 333.4198 1559.5895
1811.956 380.81204 231.78831
1810.7573 437.36456 269.11945
1811.5919 437.1121 270.29752
1811.2484 450.7577 261.84143
1811.7881 466.2916 333.03027
1810.3909 493.02686 905.9823
1810.9528 549.16895 1573.895
1811.8988 554.65173 1287.7065
1811.8604 555.592 1288.9951
1811.8872 583.76166 120.4368
1810.6797 587.88196 1050.3962
1811.507 632.9132 1353.4459
1811.1797 659.04803 931.9453
1810.3688 682.4587 1413.5765
1810.8591 707.5971 1617.0905
1810.8876 711.464 1075.4202
1810.2273 777.91254 909.9814
1812.7623 781.3288 914.9731
1811.2397 784.45483 913.5514
1810.8812 841.8159 1901.7476
1810.9154 845.3328 1991.85
1810.016 852.73444 1279.7235
1810.32 879.27167 1007.13055
1812.9546 888.6896 1720.8744
1810.8457 887.3303 126.23291
1810.041 891.89984 344.73572
1810.4545 934.7962 132.25603
1814.0643 1066.1008 486.7463
1811.5305 1103.5525 918.73444
1815.3978 1109.1099 521.9807
1812.4863 1108.3018 521.25555
1811.9865 1111.5669 179.32874
1813.4282 1112.1782 177.56853
1811.6853 1167.0178 568.46564
1811.5714 1171.1392 1015.0281
1812.1173 1182.2435 401.68097
1811.2207 1202.8254 1214.32
1811.2212 1214.9452 664.4988
1812.0746 1258.4514 618.21173
1811.731 1260.0325 745.90533
1813.2904 1286.8044 1550.5338
1812.3585 1292.9614 588.2853
1811.5996 1296.9287 1719.4866
1811.79 1320.0771 178.0274
1812.7004 1355.4937 639.34534
1811.8776 1393.6711 1037.7126
1811.6793 1400.5197 1424.1055
1811.3951 1401.4797 345.9807
1812.6321 1420.7869 1414.1913
1812.4803 1475.9734 118.57674
1812.5975 1499.1797 1319.0779
1812.2614 1511.7253 21.461536
1811.291 1521.5754 396.79556
1812.8273 1550.4479 53.52829
1811.2902 1575.9889 399.5541
1813.9749 1584.8553 1522.7482
1813.2642 1655.9016 1807.4933
1811.4958 1655.9756 696.49585
1813.7268 1660.0247 940.451
1811.7821 1666.9188 16.180897
1811.4641 1694.2931 316.81696
1813.1765 1735.5908 1744.1045
1811.6228 1746.0563 1301.4829
1812.3293 1767.9448 1648.5079
1812.5925 1775.8942 1053.9742
1813.4474 1813.7651 1714.7329
1812.9268 1819.6443 4.015003
1811.2979 1840.0723 1319.3057
1811.9453 1842.517 1320.479
1812.8223 1842.6329 24.635431
1812.8848 1872.1144 1432.9006
1812.6691 1967.7063 226.88
1812.9427 1972.702 1265.9391
1812.2552 1981.1028 173.3796
1812.3574 1987.5458 717.44714
1811.6042 1995.4797 908.39087
1812.2527 36.88301 1187.196
1812.4337 40.743 1246.7339
1812.8676 53.054886 14.677983
1812.4791 111.44141 1825.5786
1811.7073 159.5693 1168.6133
1811.3572 194.8416 1533.4445
1811.81 232.37955 191.01273
1812.0004 251.34996 289.051
1812.4628 298.87756 990.21436
1811.653 303.4662 1747.8066
1812.0205 303.5989 758.91077
1812.8907 318.3092 1042.4828
1812.7719 318.69247 1511.9808
1811.6592 326.8673 292.67743
1811.5912 398.61365 813.48175
1811.2278 439.48022 970.94806
1812.0564 452.26343 1551.741
1812.686 492.56628 628.53876
1812.3008 569.4937 1190.3022
1812.4471 567.5621 1188.7096
1812.8495 574.1003 1243.2288
1812.5979 577.79407 1730.0575
1811.7397 603.3105 1006.2357
1812.9595 629.7977 648.48486
1812.0328 673.13 1074.5466
1811.6335 681.361 870.90845
1812.9816 689.7136 1947.0215
1812.3063 716.47614 769.0275
1812.4647 741.1334 692.7003
1812.0687 756.05853 1827.3
1813.1237 795.8952 423.46054
1811.8398 900.1608 1157.0103
1812.8274 900.93933 346.53394
1812.2734 920.2627 361.78967
1811.8525 933.2497 141.0201
1812.0674 941.89856 1195.0332
1813.0928 985.23914 1760.4335
1813.1111 1034.2936 1256.2867
1813.0542 1043.7253 576.1989
1813.421 1101.0199 628.2812
1814.0846 1108.4456 706.552
1813.1997 1140.1339 777.93896
1813.1882 1149.7976 843.8372
1813.5664 1173.531 310.52008
1813.1919 1221.3105 685.07764
1813.164 1254.8086 608.0389
1812.7292 1256.7208 611.3935
1814.2557 1271.22 803.1337
1813.036 1274.3909 1154.2495
1813.1558 1322.2356 1833.8138
1813.5469 1398.4087 330.11948
1813.8998 1398.6635 1042.085
1813.3383 1431.8528 154.0797
1813.0304 1454.1113 1821.3541
1814.2762 1464.5881 282.58008
1813.6632 1480.9976 1931.8325
1813.2922 1481.885 1931.2249
1814.121 1509.47 1124.2642
1813.1843 1514.3354 1645.9395
1812.9347 1513.9764 83.27325
1816.1614 1533.6362 388.1088
1813.8674 1534.7847 389.38663
1813.1442 1556.3184 874.7498
1814.7498 1573.9658 1104.8265
1813.4215 1582.5386 1939.4054
1812.7753 1590.3694 1884.0684
1813.2236 1629.4214 1758.2716
1812.803 1663.8508 73.92523
1812.8301 1668.1965 35.708416
1813.033 1699.3418 467.24304
1812.6508 1718.7651 68.05281
1813.5817 1727.7234 1311.6619
1813.2283 1732.4867 1075.7986
1813.4049 1761.627 699.6606
1813.6844 1813.3069 1331.5396
1812.9513 1816.2605 1.484221
1814.7987 1831.1426 934.41156
1813.4314 12.0357895 1159.1913
1813.5454 24.50231 1614.4993
1814.0648 44.36884 146.60966
1812.8456 53.17369 1326.7249
1813.7455 53.641865 33.670578
1813.2218 63.01357 362.5636
1812.2205 96.66074 499.41562
1812.7908 100.57844 1960.7502
1812.8396 103.43944 490.6564
1813.4739 171.16287 140.77554
1813.0809 172.00056 864.50543
1813.6974 177.2723 864.3734
1813.1642 179.53174 1165.5835
1812.842 181.73279 860.8895
1812.7471 213.2753 1092.5599
1812.619 246.53133 1616.4606
1813.0402 285.77094 1169.0271
1813.2838 301.0203 6.301324
1812.7231 308.101 203.62329
1812.6511 412.75916 862.2136
1816.6932 412.52365 281.65723
1813.1217 413.65146 283.01172
1813.394 429.01447 1548.9978
1813.8156 451.62128 370.69516
1813.2499 488.14865 1785.9152
1814.2957 547.52563 298.2625
1813.566 600.6406 298.36993
1813.0708 633.59076 434.87738
1813.2789 665.3001 1391.2981
1813.4783 671.0386 844.6937
1812.4836 675.6487 1406.1924
1813.821 677.51227 555.8444
1813.5446 682.21344 539.63715
1813.6086 682.23987 1406.2606
1814.307 683.58 1404.1003
1813.5552 694.5603 1654.3572
1815.056 697.0359 1653.0116
1814.24 695.7127 1413.4116
1813.5619 699.255 1509.0535
1812.2896 757.6158 302.19748
1813.48 760.7867 1876.6421
1812.8062 784.6081 1383.6633
1813.1425 861.1867 1985.8212
1813.5204 877.474 1834.5593
1814.3113 908.5883 102.63439
1816.2422 910.1775 101.20105
1813.8513 977.0967 1459.1083
1812.9525 999.30695 1762.4817
1813.9824 1000.0868 183.70992
1814.1431 1016.32904 1608.7112
1813.4835 1043.487 1280.6235
1814.9989 1070.9113 1168.4943
1814.8602 1081.7676 1211.5101
1814.797 1093.5483 339.65582
1813.9706 1107.8091 1641.9884
1813.486 1122.6443 1580.9006
1816.571 1200.8373 280.35043
1814.6122 1212.3206 1232.9241
1814.9424 1270.9304 292.59912
1815.0157 1290.2292 949.0064
1814.0802 1335.2495 830.4512
1813.9222 1355.6799 342.57178
1814.4677 1368.573 1946.275
1813.9813 1395.7249 92.98378
1814.4974 1421.1094 1128.649
1814.3676 1478.2898 1926.6473
1814.9152 1477.3132 983.6869
1814.1343 1499.1731 1093.896
1813.755 1552.8063 61.85406
1814.3901 1556.0264 125.06135
1814.9442 1576.5405 192.4457
1813.7971 1628.413 251.45728
1814.6769 1636.0497 531.52234
1814.4572 1642.9368 1884.7762
1814.1472 1734.5803 1887.4717
1813.642 1799.5956 1060.8381
1814.877 1830.9242 1565.8767
1814.6849 1881.172 545.9192
1815.3066 1889.0118 1442.2048
1814.5015 1898.8116 1596.8401
1814.4476 1944.8579 1501.8868
1815.7428 1970.6628 1510.1157
1816.5112 1968.8169 1508.2363
1816.8391 1970.2335 1508.5154
1813.6615 1981.0667 1800.7874
1814.7109 1985.4158 1800.4835
1814.5042 1988.2845 1013.37354
1814.846 57.602875 732.4111
1814.1558 82.95361 1100.6115
1815.3634 93.55881 522.1382
1814.8969 110.98477 475.7446
1816.0128 122.9653 1861.0479
1815.5052 146.41699 431.34183
1814.529 149.41289 1624.6399
1813.947 269.65036 520.9235
1816.495 302.55725 1818.876
1815.6145 301.6134 1819.0316
1814.094 306.1413 3.5136535
1814.7257 330.84882 37.057026
1814.2438 349.8694 1164.1912
1814.0789 396.5655 1093.4044
1814.9504 399.75333 1892.1635
1814.616 414.42517 277.00662
1814.5228 456.09488 930.8905
1814.3279 456.76413 368.66873
1814.5304 480.0196 635.94586
1814.2076 519.21344 1214.7639
1814.315 592.7404 717.01306
1813.8464 598.14984 1938.8553
1816.0525 628.28796 1185.2173
1813.9545 640.27936 997.4943
1816.2576 696.97186 1940.0741
1815.2827 717.4481 1819.3422
1814.3302 728.2355 305.37927
1814.8695 730.00006 1536.0646
1814.0583 733.78546 300.45248
1813.8953 749.3327 998.5998
1814.6221 784.5534 530.42224
1814.4259 806.8444 1427.4519
1816.6549 806.6283 1422.8752
1814.4945 815.1574 1444.79
1814.6675 837.6298 1025.6079
1813.7184 853.954 581.20905
1813.7383 898.0569 911.2723
1815.2318 920.6203 1578.2815
1813.8485 944.60846 272.24368
1813.8375 982.50555 71.22701
1814.1373 997.9127 459.3279
1816.6918 1000.56866 1321.6125
1815.7272 1061.5734 1519.0692
1815.2397 1095.7578 630.4909
1814.9059 1102.9197 1111.446
1814.9453 1106.3401 1907.933
1815.4358 1107.4758 1065.8376
1816.5013 1124.7256 1298.9387
1814.8013 1135.8071 1336.135
1815.5686 1175.5126 1699.715
1815.3723 1188.6909 107.26873
1815.1234 1188.8037 903.861
1816.1874 1194.7089 108.16075
1815.575 1218.3314 611.1547
1815.6187 1239.6355 726.5455
1815.3278 1258.5234 253.955
1815.1986 1261.0619 463.1717
1815.8367 1291.9438 1629.2399
1815.408 1301.9294 1719.1143
1816.6475 1300.9242 920.80066
1815.67 1341.1017 797.6584
1816.1453 1365.7314 940.9552
1814.8672 1372.4905 774.31525
1815.3955 1374.9639 170.9528
1815.4366 1406.3159 744.51776
1815.4755 1466.3489 1452.6611
1815.8339 1485.515 1324.6233
1815.229 1493.4062 1321.4463
1816.3833 1502.9049 1077.2415
1816.0883 1548.5881 1340.5793
1815.0143 1565.838 858.6502
1815.2274 1570.8679 1878.7942
1815.4763 1592.8754 638.1609
1815.961 1618.6958 490.02786
1816.6149 1625.123 1677.2158
1814.5554 1635.9136 275.65027
1815.3746 1649.0305 83.62458
1815.638 1666.675 163.66354
1815.3862 1701.0598 590.3785
1815.8661 1709.488 1599.4058
1815.8243 1780.68 819.5338
1815.5522 1783.1418 1393.209
1815.7909 1813.3623 820.9656
1815.676 1878.1232 1493.7378
1815.6722 1921.5653 1164.2035
