galaxies.ecsv
# %ECSV 1.0
# ---
# datatype:
# - {name: x, datatype: float32}
# - {name: y, datatype: float32}
# - {name: z, datatype: float32}
# meta: {L: 2000.0}
# schema: astropy-2.0
x y z
[from data line 50837]
1752.3656 1252.4054 1199.1628
1751.5404 1263.7611 1548.698
1751.8123 1336.5256 458.33044
1751.5088 1344.7996 1202.7551
1752.0317 1368.8594 830.2222
1752.2019 1371.3411 259.73303
1752.5042 1378.8799 710.5404
1751.6699 1389.1449 178.91484
1752.0911 1433.7125 1700.6019
1752.3318 1463.3745 1698.4951
1752.1868 1469.8413 942.5132
1751.4778 1509.9135 992.7128
1752.1322 1511.2687 1417.9062
1753.7745 1541.4956 967.44556
1752.7793 1579.668 867.0257
1752.7716 1603.032 1968.6667
1752.814 1602.7151 1969.9894
1752.9749 1605.7455 1403.0813
1752.0249 1608.253 1608.4336
1752.6814 1626.3076 735.4784
1751.875 1679.4832 246.45148
1752.2133 1684.1582 252.47118
1751.8003 1695.8357 1991.082
1752.7332 1750.6405 81.80096
1751.6824 1802.166 1489.9888
1751.5889 1808.3168 1011.2951
1752.558 1833.8284 863.69293
1751.7576 1856.7739 97.853485
1751.6644 1950.4148 1045.7299
1752.7545 1953.0184 83.97897
1751.5293 1978.9894 1395.2703
1752.4662 1978.0219 340.13556
1752.5061 1978.529 890.5906
1753.421 1979.2119 1968.1946
1752.5781 18.180742 205.53453
1753.4165 20.266516 131.31017
1752.1527 41.428272 1683.3564
1754.1063 47.31223 1067.8147
1751.6279 76.89912 1448.9019
1753.3287 80.529785 1534.7205
1751.5205 83.10411 1857.1741
1751.464 123.11986 1749.2308
1752.4026 132.05547 1816.3937
1753.4767 132.25456 1815.9331
1752.1589 136.04617 1827.138
1754.2264 153.19016 460.34814
1752.2003 213.59303 42.33642
1752.1843 228.13425 665.8126
1752.2402 305.86496 1349.2753
1752.5696 350.97076 1662.2468
1751.6298 366.98413 1687.6976
1754.2362 388.59586 1975.5377
1751.4562 404.61752 195.16805
1751.5934 425.5042 940.07837
1752.2147 446.25565 1483.7449
1751.835 508.49664 1833.9885
1751.5726 524.0356 1473.2874
1751.3762 544.33154 349.10663
1751.7722 576.9454 401.25565
1754.3887 589.45496 633.93164
1751.6036 618.404 735.76575
1752.1245 633.3685 422.84396
1752.2267 667.17365 1767.874
1755.4778 668.54047 1766.319
1752.9519 667.7221 1766.7874
1751.4557 667.9838 81.922066
1751.5146 670.447 1646.796
1752.2473 684.03906 901.298
1751.2944 714.12897 1168.6108
1753.207 720.27234 1197.8309
1752.2639 721.52496 1033.407
1751.4554 730.1655 362.04935
1752.2614 749.7128 794.70276
1752.586 785.11945 451.14932
1751.7932 808.7934 925.39294
1752.2865 846.6998 1483.8472
1754.1431 845.4712 1482.8093
1751.9811 862.23755 529.9401
1751.716 884.0156 295.7457
1752.1964 902.3913 962.73364
1752.4795 909.7945 950.31555
1752.8693 972.72046 1542.7876
1751.7538 986.6737 277.71225
1751.9446 994.77026 850.2284
1753.3442 1005.1023 1933.8691
1753.1548 1030.9402 1535.6097
1753.1808 1034.0261 393.1061
1753.809 1106.8672 1884.9188
1753.5194 1109.9824 1873.4456
1752.9935 1140.793 66.03499
1753.7808 1151.8723 1622.9982
1753.9617 1172.612 1998.0552
1754.3599 1173.7205 1998.1222
1753.4799 1195.2886 245.97401
1753.3955 1197.7493 231.95941
1753.3159 1233.9736 1502.8921
1752.7184 1285.6499 1322.3257
1754.7297 1293.8032 1129.9086
1753.8145 1346.7161 1941.9874
1753.044 1403.4707 356.01865
1753.8098 1408.5981 1073.4679
1753.1766 1416.95 1069.9128
1753.0413 1424.7175 1073.6545
1753.375 1475.219 779.4204
1753.6368 1509.0731 48.540035
1753.4586 1562.3942 235.11057
1752.4445 1568.6978 1636.0442
1753.6154 1573.6587 1621.1279
1753.8325 1721.4946 704.26575
1753.742 1742.3828 555.9408
1753.6355 1765.8203 1073.79
1753.0365 1787.2247 1845.2687
1753.1055 1789.8579 777.2556
1754.2646 1790.722 777.15344
1752.7089 1875.8643 1610.0043
1754.0308 1885.7754 1290.2585
1754.0643 1896.1261 1460.8755
1757.76 1896.3431 1462.2102
1753.5869 1910.456 1642.779
1753.4828 1984.1195 1363.1389
1753.0991 1.7233559 749.7158
1753.3022 2.159791 747.7793
1753.5262 2.3778174 748.8487
1752.7367 50.996162 792.9824
1753.5923 66.29272 1569.0698
1753.7385 67.2077 1080.269
1752.7668 104.61463 1498.8549
1753.5659 109.911385 24.85801
1753.1011 141.76408 572.4528
1753.0132 212.169 1935.2794
1752.8815 241.87183 1525.2838
1753.772 253.91573 1923.6227
1753.5743 279.39737 1266.5769
1752.7307 346.10333 1790.1792
1753.1306 354.77054 35.10654
1752.676 382.7924 1522.9502
1754.9855 422.64328 551.09186
1753.0394 452.81485 70.28147
1753.8561 486.80606 1363.3569
1753.6958 518.47424 1960.6787
1753.5884 520.56226 698.8122
1754.0751 528.3113 14.760073
1753.3217 562.5935 1405.0707
1752.8635 583.9569 116.066475
1754.2045 600.10583 1982.4576
1752.7181 608.8232 1605.2285
1753.0791 640.3377 1418.1436
1753.2692 647.26337 1423.1609
1753.3162 655.905 1646.4365
1752.5574 708.81683 1906.9026
1752.7325 768.98926 1302.6168
1753.3738 768.4794 97.97472
1753.6608 773.15393 289.94067
1753.9419 783.6964 464.98013
1753.5345 804.5978 924.0627
1752.8407 831.12665 1475.3579
1753.7053 864.16925 1251.4136
1753.4386 892.54175 1910.8755
1753.9266 895.91296 1682.158
1753.2866 939.9699 1964.0958
1752.9044 946.8011 1667.1909
1754.9778 1009.0386 1614.5312
1758.6289 1009.9803 1611.4358
1754.2241 1020.07025 1703.8147
1754.5739 1035.4081 384.20526
1755.2692 1040.3738 311.99554
1755.3173 1079.555 1471.2377
1754.6459 1111.8239 1884.3944
1754.1404 1194.2814 1337.6206
1754.5602 1193.6414 1127.3252
1753.6152 1200.7385 1873.9264
1754.0303 1237.3486 1346.2806
1755.5466 1309.4672 450.1802
1754.4353 1314.5104 445.94556
1754.004 1333.3176 1459.2207
1754.809 1519.34 661.4833
1755.9828 1529.4841 742.4289
1754.8176 1544.1376 134.64088
1755.0787 1557.4407 532.0432
1754.3337 1580.0525 1587.229
1754.64 1605.926 962.1542
1754.048 1784.6924 696.50006
1753.7522 1801.921 1491.5358
1754.5732 1831.9058 1432.7017
1754.4824 1848.9968 532.0191
1754.5591 1854.7517 853.55634
1754.5311 1872.6631 1301.1602
1755.5837 1881.9695 810.1385
1753.8787 1916.4269 1562.1644
1753.9698 1930.6052 1746.1936
1754.4626 1945.2494 832.7632
1754.2916 1960.4651 301.7459
1754.7961 1986.1968 1364.616
1754.7524 8.431382 1559.4197
1754.3492 14.989333 1551.2141
1753.9089 58.100758 38.942
1754.5944 64.4667 1566.7782
1753.9419 107.4614 1532.1445
1754.3136 118.72447 139.83685
1755.2056 120.51296 1755.8003
1754.9324 122.27702 1842.1005
1755.0676 136.98532 1811.4176
1753.5173 171.79384 1801.6354
1755.0028 173.67967 1628.0344
1754.8552 223.10081 364.37622
1754.877 241.18764 710.76337
1754.1615 246.76012 1277.5259
1754.7161 248.40433 921.2504
1754.36 256.7277 693.4315
1754.427 259.66107 1222.866
1754.0205 262.33932 672.8601
1754.4294 277.60886 211.53586
1754.0326 295.88474 1179.4893
1755.9955 307.52634 1569.2312
1756.159 341.04758 1620.5898
1754.1731 355.39322 1576.6942
1753.7988 375.48874 180.29018
1754.8296 402.28796 1845.016
1755.1976 431.4971 1680.4708
1754.5056 437.83054 1738.471
1755.2405 507.21866 718.8156
1754.9117 554.7819 1111.0997
1754.6053 560.53564 469.79852
1754.5624 597.431 1254.7267
1754.3312 622.4651 1052.9036
1754.9554 660.6579 1640.4082
1754.0442 667.3911 1195.8392
1754.3805 824.3826 1289.0339
1755.3679 879.4116 1247.8098
1755.874 1016.09247 346.3243
1755.5306 1024.0592 275.63147
1756.1328 1026.3391 1851.4769
1755.1868 1042.5405 676.8522
1755.0782 1143.4918 395.71506
1756.204 1214.843 791.4428
1755.3171 1221.412 391.695
1758.2206 1238.3821 1547.2671
1755.5671 1236.9462 1549.863
1756.6514 1237.7314 1548.4583
1755.2653 1260.8993 1482.8955
1754.9458 1268.8545 1549.7233
1756.7013 1298.8601 906.03357
1756.0322 1309.6333 1652.9221
1755.2493 1311.3932 446.93918
1755.5916 1360.0037 1917.7617
1755.3287 1357.7183 1916.7185
1755.88 1376.3982 1404.6116
1755.2715 1402.4258 1692.9222
1755.09 1404.5442 823.68646
1755.0117 1417.8318 1695.489
1757.0024 1416.6165 663.60425
1756.0068 1492.7229 1496.5702
1755.8232 1492.8384 417.83966
1755.6204 1520.1869 675.43665
1754.8513 1576.5867 1012.3176
1755.6553 1584.343 1811.7875
1755.9207 1635.2317 1079.9282
1756.91 1643.3186 1096.9048
1755.8251 1648.387 661.37195
1755.361 1650.0115 1819.5771
1755.8114 1665.5377 1348.7576
1755.653 1682.4268 1821.801
1755.2512 1690.8755 1093.0188
1756.2559 1756.629 81.640114
1755.242 1784.9521 108.029335
1756.8411 1906.4272 929.3229
1756.3745 1911.617 1671.6753
1757.1 1977.4336 703.54333
1755.158 1981.1885 889.00305
1755.7557 27.507214 97.19205
1756.2982 67.16824 882.7137
1757.6862 98.0891 151.65532
1756.2527 96.44444 150.79904
1754.7649 113.17907 1493.7954
1755.4886 116.98568 105.850235
1756.4146 171.3431 126.33255
1755.6594 206.20262 1215.9075
1755.4537 235.46811 1514.4738
1756.0074 242.39513 1203.7498
1756.6553 258.2227 688.01917
1755.4674 271.59137 46.12533
1755.6855 274.11 316.1889
1754.6842 305.00418 1552.3726
1755.289 358.23843 1190.5775
1755.6593 421.29156 372.4138
1755.7357 422.63412 1839.9758
1755.7327 504.25107 1973.8713
1755.974 598.48926 1552.3793
1756.4807 646.82434 132.29535
1755.4966 651.25464 39.642807
1755.6672 683.2017 501.7971
1756.1138 685.17365 811.7681
1755.537 744.12506 1094.928
1759.4209 743.94604 1095.0356
1755.6681 744.91974 1786.447
1756.0773 798.3628 447.9868
1755.9991 883.161 1370.1067
1755.1545 957.2893 1972.0825
1756.1014 960.8241 1420.1128
1755.9299 967.8456 928.2307
1755.6442 973.31366 1874.8419
1756.385 1016.56036 273.0577
1756.1172 1027.533 715.2968
1756.7013 1049.5616 302.32227
1757.73 1084.693 1436.9141
1756.2153 1239.6716 728.2601
1757.7827 1244.0371 713.7124
1756.6178 1280.3298 574.36975
1757.7849 1308.7734 1170.3132
1756.7844 1313.0393 1693.5945
1757.3815 1363.9812 616.3293
1756.8405 1378.7622 633.33856
1756.7616 1426.6451 162.79822
1757.5133 1441.5735 272.42624
1756.5261 1482.0686 1322.6503
1756.8547 1485.4011 658.8799
1757.9786 1497.9026 1103.6294
1757.2814 1564.6088 548.0767
1756.4523 1566.6084 563.2787
1757.0662 1606.9495 756.74133
1756.8887 1649.1584 967.445
1756.7473 1661.2631 1665.0425
1757.4298 1695.3741 1774.4052
1757.6282 1729.751 1472.4108
1759.5022 1729.127 1475.3773
1757.9443 1731.774 500.99432
1756.8464 1767.9288 1074.8418
1757.5935 1774.4287 1758.697
1757.5747 1772.703 735.4194
1758.6548 1772.886 734.51465
1756.1748 1805.952 1495.6482
1756.7623 1808.9784 1421.8142
1756.9187 1889.9033 1594.7476
1758.1714 1930.1716 1535.3181
1757.2809 13.918551 1845.3777
1757.7722 20.805883 942.46313
1757.2148 51.773884 1299.4792
1756.4728 61.402008 798.7595
1756.6464 77.93203 1797.0403
1757.0127 96.5989 1816.1273
1757.0986 219.13885 306.23547
1756.5586 236.23686 1649.6445
1756.6832 239.16359 947.1471
1756.9891 240.3562 109.08272
1757.0459 258.08508 524.78656
1758.4817 287.11267 1608.9276
1757.0735 348.98608 1660.9005
1757.3359 372.12317 8.490516
1757.7612 387.97995 1977.1881
1756.7308 408.1396 431.3424
1755.8226 475.86383 1471.5942
1757.5773 482.02393 1735.4235
1758.0121 495.75784 1886.5087
1756.5338 518.9749 146.89363
1757.6664 548.2903 338.67557
1757.1685 577.73987 322.56406
1758.5238 624.3451 1943.8224
1762.0219 628.8542 1178.0386
1759.2487 630.22406 1175.1458
1756.9578 630.78564 1172.919
1758.6641 631.04114 1175.8931
1757.8197 674.9507 1636.6129
1756.1394 717.1907 1234.8876
1755.9492 748.13715 1748.5679
1756.5704 778.5374 1571.5427
1757.1378 803.9385 1960.2766
1756.4724 804.11084 1961.4089
1756.7333 847.3005 1013.6043
1757.0653 854.58307 1367.1093
1757.5466 881.72845 448.01068
1757.094 889.6132 1707.2701
1758.4596 1013.5288 1147.8043
1757.7595 1054.4282 389.705
1757.9363 1080.845 13.295388
1758.3665 1120.866 63.037373
1760.7244 1135.9392 1783.6677
1758.0833 1192.7922 40.68077
1758.543 1197.4546 1218.6191
1758.651 1200.8508 1884.4802
1760.5134 1221.2024 796.4825
1757.8193 1235.1838 1458.8567
1757.5071 1314.2378 649.97894
1757.4502 1318.1113 1517.9818
1758.6997 1335.3533 276.0922
1757.4996 1337.6721 786.6266
1758.5626 1349.3535 1625.4832
1758.0096 1396.9897 927.3581
1758.0898 1442.1309 609.9527
1757.7507 1458.1255 455.84714
1759.0452 1460.1414 632.44946
1757.2421 1471.5457 1257.915
1758.4474 1567.7505 1639.3185
1757.5691 1594.6083 1689.4602
1757.8408 1598.9434 1511.9783
1758.1097 1600.2931 1979.9465
1757.7448 1619.0803 1354.977
1760.7393 1643.7646 1225.8726
1764.1279 1643.7135 1226.4109
1757.5043 1739.832 253.74535
1758.0709 1741.0608 429.55624
1758.4888 1751.9752 1182.4152
1759.5745 1765.8478 85.08934
1758.922 1803.8682 1799.524
1757.5538 1837.9071 1102.4031
1757.4779 1874.8665 1822.1335
1758.4688 1897.4027 1106.3779
1759.394 1932.9813 1319.7089
1758.4066 1935.3624 185.60222
1758.135 9.296132 857.0895
1758.4456 74.035164 1448.3074
1757.9989 89.72374 173.77585
1757.8322 111.98976 1824.319
1759.9384 114.58974 19.981634
1757.4381 113.15584 21.94051
1757.8201 138.13922 312.0567
1758.0272 150.99176 102.04785
1758.3168 213.34343 1930.642
1758.7562 225.46228 712.7109
1757.5463 240.70396 36.502712
1759.3237 310.08057 1054.3013
1758.5006 313.70023 583.63165
1757.8625 336.24637 210.56516
1757.96 422.83038 592.6597
1757.3767 438.5577 1716.977
1758.2036 460.93 183.16519
1757.8601 487.15524 1935.307
1761.7253 600.9529 1414.7253
1757.6979 652.8452 424.9983
1758.3105 680.63226 548.0307
1758.4396 692.0266 1450.9927
1758.1992 708.2721 339.12244
1760.2656 718.6565 1561.4283
1758.5664 718.6831 972.3039
1759.3326 792.89307 254.29356
1758.0924 856.2865 1239.9495
1760.1664 899.955 1354.8236
1759.2365 944.1489 1961.9603
1758.5164 972.06335 1792.602
1759.9316 988.30994 510.13916
1759.4159 1027.5205 1199.8416
1759.6594 1047.6565 344.36807
1760.4956 1051.4327 1974.3398
1759.9143 1051.7374 343.7588
1759.3823 1064.5928 1083.9913
1758.4314 1109.9822 710.7772
1758.6648 1116.1034 1764.7185
1763.6675 1123.9807 1772.1741
1760.1254 1128.1143 1232.9011
1760.2324 1133.6193 1395.3066
1759.536 1133.504 1476.7981
1758.7606 1150.1191 1868.5428
1760.8922 1182.3743 300.5472
1759.2622 1184.0786 302.3944
1759.0978 1187.9149 263.188
1759.0737 1191.6522 1411.9087
1760.5989 1210.9485 1860.0936
1758.7014 1214.5074 763.8383
1759.4545 1217.9749 631.3038
1759.4276 1265.6338 1522.2639
1758.3668 1295.4509 1813.3884
1759.1279 1355.9171 1653.4431
1758.8337 1356.3514 431.23215
1758.9277 1360.4264 1018.43677
1759.6403 1411.6696 1696.0454
1759.8276 1413.7498 1696.7129
1759.5608 1441.102 606.04425
1759.6472 1455.9419 1405.9441
1758.9778 1463.606 862.0141
1759.5366 1477.0261 395.90265
1758.6418 1499.7234 202.51726
1759.4468 1510.0033 1561.3706
1759.2853 1565.0253 556.89124
1758.9044 1671.964 246.65233
1758.8079 1718.39 1361.7279
1759.9447 1905.1688 922.98175
1759.6857 1924.871 1747.2888
1761.4613 1931.9083 1099.3667
1760.0568 1939.1866 1628.913
1759.124 1968.6866 73.24538
1758.9692 1973.5894 1415.0897
1759.2943 1978.0367 319.13242
1758.6921 15.900206 56.614838
1759.2046 29.438137 925.41907
1759.7946 34.06155 817.38947
1759.1624 46.82829 799.4085
1759.3904 70.67154 1536.0117
1760.166 127.14014 1982.2457
1759.1998 139.95995 784.32153
1758.9307 159.0642 357.2282
1758.3817 226.40924 95.44414
1758.0752 233.6181 386.43912
1759.726 244.90007 109.29216
1758.929 244.37839 437.6605
1759.9733 260.04764 1207.72
1759.4152 286.57028 1244.6259
1758.6418 313.54123 1559.884
1759.3318 371.72546 15.950974
1758.9062 379.05984 0.6180994
1759.0646 381.9086 1803.6383
1758.8705 410.50082 1709.3969
1759.438 519.0255 729.6533
1758.5792 527.13544 1583.2031
1759.6437 532.06775 1325.0283
1759.0343 579.23334 839.6308
1759.4225 588.7789 514.9199
1759.7278 633.4125 1170.1849
1758.7098 645.38055 1403.4961
1759.0295 660.59235 411.61572
1759.603 681.4637 1134.9565
1759.9568 682.35425 1131.4113
1760.8691 681.1689 1131.1167
1758.8328 743.32416 1225.5693
1760.2496 821.20264 815.4407
1758.9827 868.70605 1193.759
1761.3842 875.8748 560.9021
1759.6636 876.12445 558.5412
1758.8372 930.11505 1021.1331
1759.3455 955.0889 296.2357
1760.2377 1023.46674 254.82956
1760.8031 1021.38446 766.75385
1760.5454 1037.6616 1237.0459
1760.5753 1108.7358 559.0524
1761.023 1174.0496 1958.6641
1760.6299 1184.9158 1959.05
1759.9579 1186.7493 320.4816
1759.714 1205.5496 1924.5024
1759.5475 1233.519 1073.4944
1759.9252 1234.5345 599.44855
1761.2748 1309.7673 1689.8066
1760.8302 1311.9126 1247.1011
1761.0431 1322.1074 452.98685
1760.5164 1323.515 454.8285
1761.9143 1344.4727 325.905
1759.898 1366.0945 1138.1794
1760.4504 1379.2913 999.63446
1760.7327 1388.9723 34.82098
1760.9724 1423.874 805.84827
1762.7336 1431.2316 391.96127
1761.5186 1435.9255 1300.7141
1760.2726 1439.2734 1278.6797
1760.1301 1461.7554 1173.0381
1761.2705 1474.588 945.43494
1759.7926 1500.0347 648.5824
1760.423 1554.5049 1034.5071
1760.3396 1592.0457 1688.7711
