galaxies.ecsv
# %ECSV 1.0
# ---
# datatype:
# - {name: x, datatype: float32}
# - {name: y, datatype: float32}
# - {name: z, datatype: float32}
# meta: {L: 2000.0}
# schema: astropy-2.0
x y z
[from data line 53024]
1784.3586 1765.1594 1255.9451
1782.9855 1823.0674 1002.79236
1784.1167 1849.4774 1007.8169
1784.3523 1925.45 341.5377
1783.2914 1971.5914 134.55864
1784.1005 1974.5616 484.01678
1784.001 31.4909 1490.6456
1784.5127 61.927017 1871.2904
1784.4569 64.99847 1416.901
1784.3352 67.80742 322.4512
1784.438 91.48468 1073.9021
1784.2438 107.23415 1835.7843
1783.3264 129.81764 1533.0779
1784.0558 153.80508 298.1179
1783.2529 174.45941 1920.7069
1783.4458 339.6694 1179.091
1785.0851 343.15475 247.0331
1783.1582 373.9861 1560.541
1784.2529 394.00323 1996.9182
1782.9941 414.2296 37.698174
1784.436 440.80505 1567.5416
1784.2852 490.2716 1205.5911
1783.9181 498.79657 1501.941
1783.9645 507.6576 677.3569
1783.713 515.1825 1265.5283
1785.3821 527.4747 1557.3341
1783.5228 538.1259 302.99713
1784.6562 580.67883 384.28873
1784.2278 582.1491 384.0742
1783.728 593.0225 396.7737
1783.4283 595.9806 380.79803
1784.0989 604.4402 1512.4431
1784.3971 621.53784 539.0486
1783.9163 631.89136 1004.28253
1783.1318 637.18555 1153.4716
1784.4037 679.64496 1066.27
1783.3917 677.49054 921.6932
1784.0557 707.45667 613.1983
1783.7925 715.7207 606.04987
1785.1725 714.34814 935.35767
1784.1584 719.0493 193.47191
1784.0961 727.7339 1737.597
1783.6965 730.16693 854.4632
1783.4597 751.29675 884.57794
1783.9465 752.64056 885.2531
1782.8953 754.84393 946.68555
1783.6761 756.3474 535.2907
1784.0376 766.15857 1089.9343
1784.087 789.5245 91.13157
1783.9833 796.9096 639.6763
1784.9186 815.13025 127.72712
1786.183 819.4532 1134.104
1784.3942 820.7126 1133.029
1783.7024 904.9485 1532.738
1783.2007 930.40686 1203.8115
1783.6807 929.46906 150.81258
1784.2762 969.0067 1085.0153
1785.5537 1012.65265 564.7222
1785.1428 1055.3967 238.39424
1785.0215 1084.4829 1945.2843
1785.504 1085.0942 1608.6566
1786.7212 1113.0712 1496.2445
1784.7372 1157.0596 834.2707
1785.8123 1222.5366 827.27234
1785.6724 1228.9697 1583.0588
1786.7653 1233.0271 1199.0969
1787.4319 1234.0802 1198.1978
1785.1001 1239.4387 1385.1555
1784.686 1271.6028 1811.8134
1785.1525 1277.6743 430.39307
1786.0624 1289.084 1491.4102
1785.5355 1370.9221 1179.1935
1784.6257 1393.0682 1412.4788
1785.2942 1405.6919 1743.5286
1787.0 1447.6057 1882.6421
1784.2028 1455.696 822.4101
1785.5316 1467.3732 1346.2185
1784.9879 1470.7765 1771.313
1784.4288 1475.3953 1791.283
1784.4678 1500.9703 1589.3989
1786.2358 1504.6676 721.25476
1784.6786 1517.6089 1258.385
1784.4021 1530.8059 1344.6172
1785.908 1544.012 686.6517
1784.8531 1582.895 246.67648
1784.6687 1621.5128 347.92023
1784.5696 1714.6826 1733.2664
1785.3962 1718.3734 1336.5834
1785.1748 1752.1619 850.4948
1785.2339 1754.9741 850.20374
1784.9453 1753.4872 850.3291
1785.2881 1757.8727 1258.0337
1785.0172 1760.8618 1258.2916
1785.3179 1904.007 646.3634
1785.5453 1961.2438 620.7695
1785.2906 1975.2618 1179.2158
1784.7446 15.328535 1292.6938
1788.1416 27.184065 133.02184
1784.6722 27.65868 132.8827
1785.3313 37.00019 1293.0189
1785.609 78.764885 946.6132
1784.9263 93.90649 1868.279
1786.4507 103.64363 546.0693
1784.9772 119.19133 124.24983
1785.2706 128.57861 1970.4305
1785.3767 142.6267 862.4026
1785.2096 161.04399 1914.0385
1784.7262 162.7602 816.83496
1785.2166 271.08044 435.57968
1784.558 296.87332 1984.7097
1785.6528 307.00232 280.8075
1784.7327 351.02057 852.95386
1785.3823 366.4539 1594.5364
1784.4072 389.08865 185.92157
1785.5135 465.16406 1742.4856
1786.7314 522.8581 1322.9639
1784.8636 568.2311 332.12552
1785.9384 612.13336 1426.9939
1784.6412 707.7525 850.4316
1784.857 761.69 334.77008
1785.0485 770.56445 1910.156
1784.8276 775.35 454.872
1785.6042 848.95416 43.26773
1784.3936 892.2316 1679.497
1786.6456 904.8418 265.69608
1784.4818 911.7966 1513.8923
1784.415 920.623 691.5657
1785.3242 956.7262 264.74478
1786.582 959.45746 1023.92145
1789.711 958.4338 1023.4151
1784.8546 978.4926 363.05606
1785.2677 978.1277 674.97705
1785.4188 994.1795 978.4491
1785.6161 997.39154 1998.3844
1787.3044 1003.91626 1230.4829
1788.5115 1048.219 1176.2744
1787.1318 1048.666 1075.7902
1786.2361 1136.6743 1595.6764
1786.9164 1167.667 929.7472
1785.9457 1186.6106 267.16397
1787.0927 1206.4001 1528.6061
1785.466 1212.28 1043.3516
1786.0355 1299.6213 504.0529
1786.2893 1412.5796 662.8041
1786.2852 1434.3328 1151.7285
1785.9304 1479.4783 746.5364
1786.6963 1486.9102 883.0591
1785.4363 1512.0076 1912.1561
1786.2467 1538.8888 735.91705
1786.1241 1577.4446 1512.7316
1786.4448 1608.0596 624.3202
1786.9554 1616.5782 622.33344
1788.4043 1636.3458 1158.0164
1786.7832 1671.1112 1040.7151
1786.428 1705.4636 1532.2122
1786.3607 1716.7335 1185.0791
1785.595 1728.7245 182.46516
1786.1141 1767.1136 13.504899
1786.257 1799.1597 562.51917
1787.1641 1799.0879 576.8367
1786.2952 1826.6638 407.99075
1788.1039 1832.1606 1066.3508
1788.2329 1832.8394 1054.7134
1785.3585 1859.781 1362.1311
1785.6646 1875.1216 1269.2599
1786.9746 1921.2758 1880.0497
1786.7712 1964.4097 837.29193
1786.5217 1988.9674 810.77496
1785.8091 9.16106 176.882
1785.8491 12.223143 802.987
1787.554 79.21942 1232.8003
1786.5828 99.79584 1780.9834
1786.4711 116.24079 1826.8401
1785.6062 267.95166 1122.4055
1786.5422 297.81277 1100.779
1786.5765 299.12067 1983.9768
1786.1953 299.51227 1095.7125
1785.6295 306.30396 30.046526
1785.4814 305.30096 285.16974
1785.9384 347.4222 736.8466
1786.3876 473.9768 129.71402
1786.36 486.62778 820.6739
1785.9001 502.7153 955.8661
1786.3986 510.6769 1312.9539
1786.3624 512.7325 1559.1997
1785.5885 543.65924 1803.9526
1786.4181 587.1098 1882.5007
1785.7249 595.195 830.5509
1786.2783 602.63354 621.9755
1786.7897 605.4546 1748.0624
1785.7563 673.8538 310.26505
1785.9543 686.5695 380.71762
1785.7242 702.2446 1943.4539
1786.928 724.6351 585.3105
1786.5269 779.7028 240.93709
1786.3126 793.6567 1590.5432
1786.912 796.9043 1066.7424
1786.1395 813.06366 739.53973
1785.3638 834.26544 1187.918
1785.961 856.1349 529.0403
1785.7134 874.2352 438.49246
1786.0078 895.3856 833.0184
1787.1683 902.15485 706.2619
1787.1234 931.5661 1507.316
1787.6475 958.17645 1581.1405
1787.1161 999.6183 112.48972
1790.1838 1019.37195 407.6906
1787.0001 1030.9421 1686.3044
1787.9513 1055.7471 58.164017
1787.2644 1064.2412 1475.9601
1787.1807 1065.8322 379.0146
1788.338 1098.659 1177.3629
1788.059 1105.8127 63.73127
1788.3687 1130.758 401.08548
1787.442 1162.0977 1234.4861
1787.7783 1172.6047 937.2569
1786.8442 1211.3347 116.12376
1787.7218 1237.8113 709.2829
1787.7616 1242.711 1782.7546
1786.7231 1430.8057 1772.8575
1787.6886 1461.5826 1220.3782
1788.2465 1464.4205 1806.7744
1787.431 1485.5151 960.571
1787.2325 1660.935 1994.791
1787.6367 1700.6064 1750.2344
1787.3527 1707.1113 597.0295
1786.6191 1770.7894 303.56976
1786.9812 1783.2534 1088.185
1787.866 1785.2358 548.55237
1787.2628 1788.8113 1459.9119
1787.4182 1787.9443 1461.581
1789.4792 1808.2412 951.8339
1787.1785 1819.8292 626.81494
1787.1089 1857.1277 1470.9592
1788.6863 1865.3868 744.97375
1787.7095 1892.1375 1656.9501
1787.3851 1905.204 1640.1224
1787.2915 1906.2347 637.63
1787.4847 1939.5924 529.832
1788.9026 1937.5863 530.76794
1787.8866 1948.8693 887.0048
1787.4303 1980.9617 1301.7837
1786.4052 1994.0239 718.92334
1786.827 79.239716 162.51604
1787.4952 110.20267 1770.7615
1787.4915 142.86087 588.5575
1788.2076 144.36903 284.72867
1787.4343 162.98666 1942.3542
1786.9966 223.57059 430.35678
1787.3838 228.24535 431.90814
1787.4159 228.13812 986.02295
1787.5667 230.82964 386.4434
1787.0074 256.98822 11.95711
1787.5607 286.8696 1641.9319
1787.121 300.59802 1013.08954
1787.6302 305.907 1554.8015
1786.8977 314.71234 38.72411
1788.527 314.384 37.880646
1787.6271 383.0794 1741.6847
1787.561 389.56924 1732.6222
1787.6719 416.13608 847.2648
1787.0535 434.22144 1994.1924
1786.6224 440.20865 1681.2664
1786.7495 513.2957 1085.9786
1787.3983 517.2802 5.6439114
1788.1232 527.8505 1102.3385
1787.4323 528.1726 1100.3462
1788.5264 530.21436 296.66766
1788.3262 547.53394 1444.5505
1787.6589 597.0849 1226.427
1786.6902 599.8458 1412.2195
1787.0481 615.434 1395.002
1787.3022 655.6069 1713.1367
1787.445 702.7364 190.12701
1787.1434 728.16943 61.03349
1786.6208 762.2552 871.0063
1786.6471 793.9764 1137.2478
1787.258 798.2474 1138.1687
1787.088 817.1717 747.7095
1787.4375 825.6593 419.77756
1786.7833 828.1295 1786.3481
1787.8081 854.817 1342.4109
1786.819 858.6813 353.31284
1787.8353 880.8857 1239.8281
1788.2909 886.9451 1685.1345
1786.999 894.9593 87.48686
1786.7715 962.1289 1732.3987
1787.5634 984.3164 1918.0372
1787.0024 994.28894 1616.788
1790.6265 1032.5857 1691.9039
1789.3348 1031.9004 1689.0045
1788.0203 1040.1802 1380.8582
1788.676 1046.0154 10.227473
1788.9962 1053.3536 1179.7247
1788.6816 1066.2678 545.40106
1788.29 1077.709 1847.4198
1787.7295 1089.4163 420.04486
1788.681 1136.6815 896.6514
1788.9219 1160.1074 675.1544
1788.7314 1192.7734 1200.3267
1788.1328 1208.835 1196.377
1790.5297 1271.2942 1999.8223
1788.6001 1306.792 718.5861
1788.2528 1308.7593 717.3873
1788.1184 1372.678 1099.7373
1789.4729 1388.0042 1415.4253
1788.3367 1409.5588 1452.0642
1788.4207 1421.1472 1811.0797
1788.3737 1423.3049 1894.8765
1788.2247 1433.9365 1983.2441
1788.676 1441.4006 1229.4438
1789.2749 1463.1008 1556.2137
1789.3027 1461.7515 1556.6442
1787.7063 1476.3713 1283.1945
1789.1084 1490.9688 1763.2344
1788.5275 1503.2023 192.94693
1789.236 1561.9854 1547.6953
1788.5028 1578.3512 258.0349
1789.352 1579.2268 257.85184
1788.055 1606.2452 1314.194
1789.876 1607.8085 692.5176
1788.7109 1609.9519 1427.7931
1788.6335 1610.499 1687.2559
1788.2606 1638.3896 1894.4402
1787.821 1722.1118 1337.588
1788.8668 1731.1243 1896.911
1788.8389 1784.4874 1237.4448
1788.1351 1815.8512 333.8597
1789.1495 1846.5616 1012.04504
1788.3333 1851.7604 1459.337
1788.9791 1852.5156 1433.1318
1788.3165 1860.4 1580.8607
1788.4288 1861.456 1356.7324
1788.7479 1871.3083 1388.7024
1788.7737 1925.995 338.63382
1788.002 1930.7236 920.04004
1788.1843 1999.5195 730.49066
1788.5535 15.886193 1516.3405
1788.0308 69.96888 729.93005
1788.3533 83.255295 479.97565
1789.3842 80.942955 479.3774
1789.1809 107.45457 1769.2545
1788.6677 180.50174 1931.8542
1789.0857 181.51648 235.24194
1789.0984 184.15184 411.12836
1788.293 237.75882 638.6324
1789.2074 244.64183 445.5863
1788.0764 253.6318 1235.071
1788.7385 261.44913 489.29395
1789.0717 266.04956 145.63828
1788.2927 279.19608 337.8884
1788.5897 321.87268 196.7635
1788.5397 329.86823 789.8611
1788.4688 349.2419 705.7864
1788.5365 350.93115 664.79895
1789.094 427.3346 200.04097
1787.7723 470.6874 549.8215
1788.5828 492.44522 1536.9205
1788.6412 544.35474 1865.041
1788.7836 581.7582 314.32236
1788.5641 590.5033 629.22
1788.2496 601.57074 1399.7329
1788.4978 624.7737 1323.6564
1788.6753 638.3782 1240.8127
1788.0471 664.47205 1023.8138
1788.022 735.08954 1186.4641
1788.9698 746.19507 320.04037
1788.7408 812.3899 306.28546
1788.7698 818.2838 1133.0262
1788.5697 835.50775 1822.4714
1790.6401 851.27484 1909.4646
1788.3212 871.14404 855.78845
1788.6597 875.35614 1235.031
1789.4954 917.9741 336.3075
1788.5334 940.69037 1504.5336
1788.7761 952.9773 265.96198
1788.7996 969.6515 1195.6384
1788.8871 979.85345 1916.7157
1788.9913 1021.1419 1216.6289
1790.1881 1066.8474 1068.1614
1789.4631 1093.0818 1173.9253
1789.6594 1216.6631 890.44293
1789.652 1283.1085 1457.2163
1791.354 1334.7133 777.36346
1789.7576 1371.532 1638.1016
1790.413 1373.6625 1634.59
1789.457 1395.4062 1096.7472
1789.8098 1431.5566 1892.1991
1788.8235 1439.27 685.8388
1789.4128 1448.1616 1617.0566
1789.3643 1448.9285 1872.4138
1791.0625 1454.2898 1214.1738
1791.9166 1457.2976 1216.7623
1789.4402 1464.2446 154.20801
1791.4359 1468.3254 1582.313
1789.9545 1498.025 187.11455
1789.6501 1504.4863 770.9372
1792.1205 1503.2638 769.39197
1789.8158 1508.2767 541.7786
1789.6776 1515.6436 156.15356
1789.3768 1525.0652 748.5378
1789.7224 1551.9763 945.63715
1791.6168 1616.2089 1106.731
1789.2747 1630.531 1329.0344
1791.9203 1702.0292 1468.6556
1789.4377 1698.5012 98.81148
1789.0125 1704.6064 1016.74133
1789.8733 1704.0665 817.59375
1789.6737 1715.3239 345.2517
1789.0447 1726.1624 1727.7104
1789.8816 1756.6315 558.2865
1788.8555 1782.5082 718.2855
1790.2126 1784.6406 1085.4458
1789.2034 1806.9568 70.59324
1790.1487 1823.7522 397.11536
1790.9966 1831.0809 1059.0295
1790.3588 1849.3887 1476.6462
1789.3408 1858.2739 776.8112
1789.4839 1888.9541 325.6365
1789.3353 1972.4143 299.95193
1790.2585 4.373808 396.79108
1789.2655 15.27963 80.66094
1789.7035 47.5368 254.45903
1790.1106 94.5044 1518.6556
1789.6204 138.6547 1729.6003
1789.4385 150.22594 1530.2301
1790.1155 180.02734 1765.0729
1789.8616 211.06001 457.6908
1789.6306 253.192 1668.6658
1789.917 273.69513 1435.0132
1789.7324 279.07114 1265.1193
1790.0767 312.35947 933.49225
1789.8402 352.20212 109.176895
1789.8627 464.91675 812.8935
1790.4337 515.3072 2.564802
1789.7726 520.02094 1081.4655
1790.095 529.21423 1251.196
1789.0143 539.1766 1151.9146
1789.9176 571.3318 907.32306
1790.1317 581.6206 713.22095
1790.4819 588.94183 1881.6602
1789.6422 603.9827 609.2093
1790.5023 618.66486 1309.2169
1790.0806 635.92535 1351.2529
1788.8627 677.43164 878.22974
1791.0333 705.83093 1820.79
1789.5775 733.76843 588.8052
1789.4983 750.47577 779.1216
1788.7894 791.0169 1359.2424
1789.585 805.25586 297.438
1789.7556 815.24963 429.48352
1794.3934 836.16833 1648.1212
1789.7019 841.13055 310.7739
1789.9987 873.1627 540.09674
1791.9701 874.2829 541.6486
1790.7701 912.82635 1538.571
1789.8833 949.6645 815.92554
1790.1598 979.7162 1083.0044
1790.5585 1042.8848 123.23562
1790.1932 1048.6798 251.4402
1791.6418 1062.2834 310.40878
1790.5679 1065.9161 1609.6282
1791.0219 1124.926 387.94812
1791.3 1152.7589 1510.8031
1791.6168 1202.1954 1645.047
1790.2637 1240.8613 719.52606
1790.1866 1252.2927 1474.1382
1791.1385 1256.2886 1188.8833
1790.4105 1263.3019 1257.6323
1791.6655 1266.8032 1463.2552
1791.5066 1335.6592 277.6452
1790.5325 1341.6892 861.54504
1790.722 1362.2212 1026.7339
1790.5709 1382.292 1252.9968
1791.7351 1386.9797 138.10484
1790.5968 1405.6202 1337.5391
1791.5344 1422.9541 1962.4829
1792.3285 1443.9878 1881.0267
1790.3398 1443.867 1617.0906
1790.5769 1482.4312 1876.9626
1790.554 1486.6111 882.43
1791.4259 1525.5001 406.10132
1791.1616 1531.9375 772.76984
1791.6694 1558.5767 552.8889
1790.6788 1563.0579 1501.88
1791.9316 1574.0151 180.95099
1790.5254 1574.3231 179.06752
1791.5818 1583.7925 243.8181
1791.0388 1620.5078 758.3443
1790.343 1656.8885 1301.7864
1790.8801 1655.638 1498.1953
1790.6997 1700.367 1201.3684
1791.551 1753.0287 524.58057
1791.2765 1789.9392 1158.949
1791.5374 1837.2756 20.503164
1791.3168 1871.343 1264.8083
1791.5461 1899.4977 707.4428
1790.5441 1909.2312 656.2504
1790.8173 1920.9512 1047.0972
1791.493 1938.2888 1782.846
1790.0684 5.8847804 75.64827
1790.5912 21.104338 931.65906
1790.2057 68.902466 105.44778
1791.0509 109.26574 1677.9562
1790.33 213.99959 1801.9718
1791.319 247.77177 1652.149
1790.6134 277.01306 1706.6791
1791.1691 336.24084 1793.6384
1790.6688 363.09445 1041.3088
1790.9521 381.48648 1755.3665
1791.0316 387.61496 924.19507
1790.6987 407.636 1008.15247
1790.8217 409.17773 1213.273
1791.4242 414.5594 1218.5071
1791.2834 427.09827 1222.1157
1791.3964 441.45212 1566.9889
1791.2552 485.79214 463.99863
1790.8907 509.22882 1135.0483
1790.3052 531.18414 1317.179
1791.1985 538.84485 977.5689
1790.675 578.19354 333.5703
1793.058 604.0602 1750.465
1791.6599 606.859 1750.0623
1790.9272 643.55273 1011.1742
1791.0972 645.812 467.65634
1790.267 660.83496 613.59766
1790.3738 663.75104 1168.0769
1790.8932 689.1543 181.19754
1792.044 783.63354 1934.8485
1790.8098 840.4814 1910.6016
1790.9723 860.13074 97.95429
1791.2788 917.6754 921.0524
1791.5665 952.1476 347.12878
1790.1677 973.38635 1221.764
1791.1108 971.0289 1461.6155
1790.0781 982.768 785.70966
1792.693 989.8017 674.83716
1792.355 1011.36206 143.89578
1793.3318 1017.1047 1321.737
1791.8096 1115.7351 481.27533
1792.0436 1117.6843 1906.7766
1791.3073 1120.5454 1325.3513
1792.6539 1161.217 613.76306
1791.9658 1187.9731 1321.7334
1791.8104 1207.4565 1241.3403
1791.9386 1223.298 1922.5391
1791.4725 1239.8605 1980.0334
