galaxies.ecsv
# %ECSV 1.0
# ---
# datatype:
# - {name: x, datatype: float32}
# - {name: y, datatype: float32}
# - {name: z, datatype: float32}
# meta: {L: 2000.0}
# schema: astropy-2.0
x y z
[from data line 111924]
653.5881 185.75906 1054.3684
652.51886 271.95114 1854.2407
653.6027 274.00342 973.9868
652.427 324.38617 19.22912
652.6388 332.97052 63.807285
653.6501 374.72403 1868.9877
652.98694 408.88705 1463.1602
654.7818 415.45 629.2421
653.95044 452.912 1342.6373
652.55914 461.47256 1590.624
652.33575 497.40314 1737.5947
652.96594 511.65366 1033.646
653.32574 588.273 1050.916
652.4231 596.9729 671.74963
653.36346 628.3252 416.12476
652.1517 690.72534 73.282074
653.1818 698.9794 65.47703
652.49 732.4922 1816.549
652.7734 742.4181 1593.9967
652.98376 783.13385 1800.8065
652.7019 804.3501 217.57693
654.4782 816.6532 579.9189
653.3225 819.2538 580.1108
652.29755 887.32526 1192.3479
653.1308 891.98816 62.205933
652.7943 894.11487 533.14056
653.34015 969.97015 460.49283
653.8444 1050.1086 1349.5878
653.76135 1073.3157 1649.9587
654.20654 1099.303 1249.7693
653.40857 1161.8962 1502.0464
654.9459 1240.8901 877.2902
654.1378 1279.7878 1661.6775
654.4111 1288.2983 506.66983
653.7977 1306.1868 737.7975
654.04553 1320.3396 1113.7866
654.29803 1334.5896 144.6003
653.85815 1404.3734 1985.0253
654.0789 1420.4451 1795.8499
653.68994 1434.8657 1092.5801
654.1253 1439.9514 1893.0945
654.091 1454.7423 398.05344
654.048 1456.0409 1094.7058
652.87683 1504.2981 283.8783
653.3653 1511.2638 1945.5023
653.4494 1514.1097 1033.5046
653.6622 1516.9863 279.9349
654.53735 1535.3811 1935.9222
654.01404 1563.5887 666.46893
653.68695 1574.888 1519.2019
654.8562 1641.521 1381.096
654.6544 1715.3433 538.60095
654.8447 1730.4829 1586.4026
654.063 1735.8445 1048.9507
653.6909 1762.7842 1034.6104
653.87994 1767.615 330.90378
653.4102 1804.0577 916.4635
653.8005 1815.1843 1474.7386
653.6927 1855.2666 840.6045
653.87897 1921.0946 882.9179
653.2269 1933.9563 718.3524
653.4798 1948.3788 606.0463
654.54517 8.457419 1034.856
654.4872 12.063067 1591.2518
654.43884 14.963673 1234.5503
655.77893 15.1337595 1233.5435
653.8141 21.397663 473.66656
653.92285 33.03308 1858.3179
653.3108 54.082096 1555.6641
654.30566 54.351643 1837.2968
653.98456 69.607254 1647.14
653.50757 91.42786 1912.1682
654.24176 237.72437 856.02985
653.598 285.75745 1172.97
653.8568 295.61902 1649.2515
654.0526 327.50156 910.63794
653.3888 348.853 543.0475
653.3552 368.74402 1270.2092
653.9905 379.77634 1287.0088
654.00964 379.8718 18.241877
654.09357 407.1101 269.85168
654.1275 411.37524 88.52037
654.0479 424.32397 1413.5099
654.8009 429.5178 1075.2272
654.1994 462.05014 1670.7162
653.6818 491.45807 337.16162
654.01697 514.772 1730.71
653.61865 547.1827 191.65367
654.4149 598.285 1853.5349
657.5972 596.95984 1852.7079
653.2744 605.82666 241.62393
655.4343 653.0656 582.6585
653.9794 699.65533 33.37351
653.17773 701.03754 1927.6586
653.6128 744.958 693.81476
653.6268 769.80945 742.2468
653.634 794.9095 96.608734
654.03613 795.2814 1054.305
653.5725 803.0073 1214.4897
654.0416 850.1209 223.17413
653.74115 883.3775 1212.1919
654.76056 890.29047 1195.7083
654.6806 889.2775 1194.9739
654.1878 906.8529 1521.3123
654.1046 920.64166 685.48456
654.2854 973.1504 1151.8813
653.7793 998.1467 453.29315
654.72314 1012.68756 1895.759
655.83636 1036.9402 1660.2742
654.6176 1069.4496 688.6621
655.6837 1081.988 1393.5132
654.5365 1082.9312 1393.3882
655.35486 1122.6729 1296.0243
654.8104 1130.5491 1991.3226
655.0224 1162.4875 1436.4817
655.4041 1199.8116 437.67297
656.4344 1214.7815 370.55344
654.4246 1243.1243 465.24136
655.3957 1254.0834 1490.3934
654.9849 1330.396 1184.2152
654.57294 1369.3754 821.4949
654.6661 1377.1702 1906.1852
654.9551 1386.148 1357.6561
656.3018 1388.6805 1339.8926
656.3859 1401.6335 809.3929
655.6648 1439.3971 1995.7523
654.6392 1473.3947 1333.8447
654.7949 1496.5454 703.45935
654.4802 1498.8741 480.31647
655.51746 1531.9607 178.65012
655.50323 1540.5017 1115.3036
655.563 1585.3954 1531.6309
655.5256 1650.5197 1756.5623
655.23663 1654.0676 1166.2644
655.8606 1662.4263 1692.3783
656.36615 1677.8817 893.02905
655.28894 1706.99 963.02423
655.45337 1775.0736 453.59796
655.6612 1784.631 229.10466
655.4316 1798.7545 925.665
654.4366 1859.9371 461.70822
654.43256 1935.9375 1748.1091
655.1317 1975.726 1426.769
658.7084 1983.1097 1611.1688
655.2992 1984.0834 1531.8918
655.8892 1989.0192 1105.4178
655.29504 1999.6803 669.89484
656.35626 24.29883 1032.8206
655.4386 46.857315 930.74396
654.86786 79.53214 1226.8047
655.37634 93.84548 1908.6802
656.6275 177.51529 1105.9563
655.41455 201.68011 1536.3423
654.7368 202.99884 1526.5645
655.05396 214.01529 1705.6555
655.5245 241.60536 1444.932
655.2421 294.44516 1362.0554
655.5985 314.5742 60.18138
655.9618 322.5625 682.01215
654.74536 324.8543 1207.9894
654.62976 325.79242 23.16183
655.45526 370.0767 1580.8284
655.47473 422.95374 1054.521
654.82666 471.09348 1907.8549
655.24994 490.72015 1979.6475
655.2619 492.32065 1198.0908
655.0373 499.496 1080.7891
655.44293 499.31174 316.06943
654.26636 543.95087 1587.4368
655.6269 543.6497 366.47025
655.1527 547.5934 1386.0121
655.07196 552.4839 1969.1603
654.71204 563.68787 485.69232
655.639 563.03406 989.2646
655.0735 603.85004 1867.5594
655.56396 608.7149 345.70764
655.40924 613.0215 201.41072
657.19727 617.8718 787.83
655.8724 627.8978 372.92877
655.41364 629.69684 1995.7609
654.9577 630.7341 1995.8599
654.60223 653.9509 1780.9739
655.114 661.6584 1704.1277
654.761 750.3247 554.63293
654.73627 772.6742 1301.644
655.02405 869.25085 1007.9575
654.89685 873.0827 75.476715
655.45013 894.2777 558.2227
655.2251 955.54425 1775.0494
655.6104 967.30206 738.9412
654.9294 970.16 1765.0742
655.4076 993.01715 1784.4037
655.4281 1021.25073 1403.2681
656.7244 1033.3508 1273.1151
656.16925 1040.744 1021.4583
656.3486 1047.2338 1356.2777
655.663 1051.5791 506.21796
656.9907 1058.6968 1001.7386
656.19354 1067.551 941.65607
656.08685 1224.011 379.4807
656.00726 1258.7297 521.02106
656.17834 1270.2588 2.530134
655.7377 1351.8281 1007.22235
656.65247 1415.259 835.55005
658.7077 1435.7004 1999.7769
657.6352 1434.2114 1997.5834
656.8137 1447.2781 314.43057
656.5788 1474.6592 92.93629
657.52356 1499.9619 1348.8082
658.6831 1527.7379 268.24905
656.84784 1550.9263 1647.1255
656.7286 1565.0623 670.9369
655.4084 1600.843 1892.9225
657.15985 1622.841 236.10098
655.6503 1635.928 802.3419
656.4474 1636.5828 888.29266
657.31274 1694.3662 503.09564
656.3589 1751.3541 1415.7148
656.1841 1758.885 1530.0901
655.82263 1763.2 1709.0863
656.7086 1788.2302 21.2356
656.0932 1807.8889 276.29617
656.6247 1815.0349 361.68173
656.3332 1862.4897 1615.5481
655.5758 1901.996 1275.8584
656.42896 1919.5261 1346.094
655.77264 1953.4069 889.7099
655.92224 1959.5417 786.20026
656.1882 23.403917 485.45444
657.0135 32.090797 631.4334
657.0383 99.72765 493.708
656.0074 100.15879 210.4082
656.51575 101.52766 1414.4219
656.4322 118.24132 1575.7943
657.8909 138.98286 1360.4065
657.00275 147.63115 213.12277
655.8556 165.6461 1509.8577
655.94543 200.25252 999.5924
656.2093 203.47688 1523.1805
656.2641 242.28827 901.8648
655.7282 258.10187 761.1512
655.54596 261.2571 962.2815
657.35046 281.97308 71.0374
657.1038 301.5416 1695.0356
656.7493 395.40277 953.76074
656.6209 427.63354 714.65845
655.70325 463.11526 1649.8854
655.95764 483.77048 690.9413
656.2782 496.73157 1206.0809
655.89514 517.83386 1641.0046
656.36084 553.6271 1693.4722
658.4916 554.23987 1694.6273
656.5619 595.22003 357.89728
656.5662 610.21216 213.42523
656.5123 620.78815 342.2562
656.5141 631.84534 742.86475
656.74286 658.5948 365.95383
656.2198 670.7295 1971.2903
655.44855 708.10236 1335.5814
655.7665 743.12506 1281.1306
656.3307 756.6043 154.82602
656.1613 765.8146 38.93726
656.00055 789.5165 1577.2335
656.29926 793.26685 200.18675
656.06866 827.4384 1772.9877
656.51526 845.75684 1251.1063
656.52234 846.9353 198.62576
655.8857 854.1295 222.89424
656.4268 858.9616 1012.5978
655.912 944.79803 1235.9108
656.1553 943.8813 500.5588
655.87836 951.14075 900.16473
656.3717 968.1084 1324.8889
655.95294 971.0469 1594.1667
657.4465 1013.7967 84.52507
657.40405 1029.8866 1881.0193
657.8232 1034.8835 580.77997
657.75415 1041.6318 1665.4532
657.5326 1046.7994 31.57534
656.48376 1055.5746 547.23816
658.7758 1072.658 1360.3467
660.03394 1073.593 1363.1279
657.23083 1200.9631 1113.2292
657.981 1219.1118 367.77567
658.1588 1218.0764 367.28128
657.5167 1252.9856 1972.497
657.99457 1276.242 393.0299
656.73676 1335.9961 1179.2656
658.2522 1345.7178 1511.0126
656.7817 1367.56 580.2468
657.72614 1389.4854 352.1753
656.86945 1415.6962 1557.0585
658.5808 1420.5728 1997.3923
657.4965 1486.9751 976.9271
657.8325 1502.4475 870.4947
657.80066 1530.4908 839.3991
656.7079 1563.2588 1.600336
657.96106 1570.145 1267.1334
657.77576 1579.2021 1315.6078
656.81744 1592.6724 802.0669
657.11346 1665.5986 490.31586
657.8484 1701.7852 823.69824
657.4965 1734.0651 910.9487
657.7825 1740.331 1365.7489
657.28314 1745.9552 1042.3367
657.0459 1782.8562 149.24855
658.54156 1805.2411 1977.6436
658.007 1807.3058 318.74338
658.5691 1810.092 1978.3356
658.9538 1817.6029 795.31885
657.3862 1822.831 428.17355
658.51605 1861.005 282.10443
658.0281 1908.873 847.8611
657.2932 1913.8604 614.504
657.1462 1926.661 1716.4438
657.17365 1929.447 1250.1338
657.8044 1965.941 1423.4199
658.06195 15.598347 995.1808
658.95776 51.007565 1985.0834
657.3808 75.20189 1945.1184
658.40967 78.91834 881.95166
658.7705 100.76809 1410.9531
657.5034 108.51758 567.17084
658.0537 110.86889 1279.1648
657.32025 197.9684 990.6762
657.0071 209.17842 1509.2751
656.84955 216.31694 368.0246
656.7557 215.79453 679.3091
657.0667 236.18529 1020.8826
657.97797 297.35498 1650.9276
656.56665 298.50204 1833.1266
657.915 401.49973 269.50085
657.2861 413.31708 86.655975
656.8324 484.42563 685.37286
656.9394 513.5057 270.79666
657.7276 534.2133 868.96326
656.75574 539.8959 82.56986
657.2735 589.67236 881.8969
657.99603 592.8566 365.95142
658.5326 594.7021 448.93073
657.6356 607.2615 1812.064
657.60547 627.41943 196.46167
656.53375 630.5861 414.5489
656.8152 633.6885 1557.8262
657.8184 653.59216 292.5852
658.3383 659.4068 1257.1487
657.37354 668.0456 397.28683
658.12506 715.24976 1628.3154
656.5792 758.84424 237.13832
657.9556 787.6384 196.19374
657.06116 820.36084 219.33171
657.7239 843.548 1237.2036
656.99194 849.0133 439.63043
657.7665 880.9305 999.01447
658.0947 881.18616 200.96803
658.8907 888.3642 1163.3129
656.4579 891.2028 1346.1672
657.0223 896.062 1343.7908
657.55396 909.33746 1528.9009
657.18 930.723 536.9408
656.849 949.5669 1581.2091
657.3972 974.0738 1145.4812
656.94824 987.59045 3.4561112
658.02734 1052.3721 522.5734
659.5708 1061.2769 1358.8569
658.29285 1073.2664 1543.589
658.3232 1078.3408 1387.1729
658.51746 1077.3794 1385.4468
657.67053 1097.2977 257.91537
658.37213 1110.0195 861.34674
659.4887 1127.2561 26.744211
659.0136 1129.7852 992.81085
658.1513 1132.9014 521.65515
658.5241 1151.3928 687.6827
658.1082 1157.5989 1662.5065
658.35706 1157.7153 1329.3835
659.0869 1165.7975 1570.8877
658.72235 1167.3679 1692.8196
658.64996 1180.0023 1406.0154
658.77234 1226.9861 372.97507
658.8527 1260.491 1132.0918
659.04663 1261.656 515.9132
659.841 1326.7241 263.60278
657.9988 1363.4509 1666.7705
658.8538 1512.6757 684.26135
660.49243 1518.7473 791.51874
659.3905 1523.6047 1140.6403
659.11584 1530.3268 1009.7225
658.5866 1541.2617 1872.1062
658.7377 1540.9569 418.8572
658.164 1559.2954 1978.2721
658.1808 1589.8446 1927.1552
659.0595 1588.1023 514.851
659.0156 1594.23 1915.2804
659.1443 1595.714 35.399685
658.96075 1659.979 1102.0996
658.2545 1676.9146 1196.0566
658.29144 1699.7764 504.13693
658.49725 1707.9363 805.8166
660.84015 1740.6428 1229.2788
658.48285 1751.9862 91.6776
657.9342 1757.7715 1971.8363
658.2421 1814.5139 900.46735
658.87787 1856.3165 547.60645
659.3277 1859.0168 1820.9462
658.41943 1890.0916 1818.0079
658.417 1893.8994 27.372822
658.2978 1987.6133 195.42252
659.202 5.967708 39.371197
658.76874 26.56309 1237.1453
659.3738 71.291565 1643.7982
657.8343 117.105644 64.66056
658.63153 131.78304 310.34186
657.7545 184.0049 1006.34515
658.0836 239.67136 1434.8379
658.91833 239.68759 1779.8384
657.98755 242.58006 1006.6909
658.0066 270.4789 1392.6354
658.56323 275.13528 1196.0042
658.642 274.57938 1472.1558
658.2809 273.2 59.116505
658.21924 292.36932 1367.0522
658.91736 291.4092 69.70688
658.10236 300.06262 546.6161
659.5596 302.56815 582.84576
657.8142 366.2762 873.0339
659.90326 366.49768 1096.2068
659.41437 378.34436 1070.0791
661.418 416.26843 445.0493
658.709 420.63773 1732.9252
658.4116 437.01956 50.252052
658.5382 446.0485 813.9673
658.4663 485.33026 1206.9302
658.163 487.63925 1196.1733
659.45715 492.02042 1324.9026
659.8837 496.61505 516.5853
659.48157 547.92377 1733.7181
658.1577 557.9578 1075.954
658.3339 569.0539 1148.4875
658.18665 579.3501 506.85306
658.8079 623.2555 678.85004
658.10876 625.6728 343.27457
658.10223 632.7153 1809.092
659.03076 637.4046 583.8503
661.18066 661.028 1627.2693
659.5904 661.3819 1628.7905
658.72314 681.3693 498.55524
658.91907 690.245 378.3869
658.9692 695.8429 769.6245
658.33264 705.37317 424.73938
660.134 704.87164 778.1477
658.8774 797.1568 100.1222
659.2367 820.67444 79.71376
658.6008 837.1839 1244.5132
660.6774 842.48755 440.3868
663.23303 841.1782 440.5678
660.3576 841.33563 441.48926
658.31976 944.4718 955.81555
657.8536 949.39954 824.40216
659.2551 950.59784 1429.616
659.1555 954.1137 1701.1893
659.25397 988.12665 8.869912
659.22894 1003.6659 1675.9045
660.0845 1009.0702 1225.383
660.48236 1024.6964 467.53296
659.5317 1047.1184 867.5864
659.3428 1072.5745 889.6892
659.7889 1079.6868 1730.8942
660.1227 1109.3218 1295.3704
660.0247 1116.3843 19.130367
660.754 1115.0668 949.18805
660.27155 1117.3145 950.8185
659.66895 1118.3145 53.58724
660.04694 1240.0488 889.87823
661.038 1239.1143 890.00745
659.32416 1254.9495 1410.8959
660.33026 1260.2097 569.67896
659.2372 1343.5223 1183.7814
658.9874 1366.6099 786.71423
659.0613 1409.2349 1991.5205
660.2902 1418.8037 1556.8613
661.12714 1438.4746 618.31647
659.37976 1469.988 745.37103
660.34534 1467.5505 744.5993
661.0377 1468.8281 1683.0411
659.59546 1541.4052 1037.2544
660.4862 1624.883 769.3583
658.99664 1639.5923 430.67313
659.77997 1765.0732 83.38085
660.50854 1769.0033 476.0882
659.5923 1838.8904 805.692
660.554 1846.418 1737.5271
659.87 1849.6743 293.43347
660.0296 1863.1678 1221.2449
659.3791 1864.007 376.60815
660.207 1872.2811 876.3188
659.2558 1887.0325 32.323246
659.01636 1971.9237 1956.6034
660.3476 1978.6814 200.68365
661.12775 21.698166 926.02997
660.4768 30.867573 1030.6547
659.62726 107.871895 1310.2203
659.7951 130.59686 328.2034
660.4227 229.59239 1900.3235
661.898 229.69585 1903.2798
660.99585 233.59958 1852.2875
660.9118 245.22984 1911.8787
661.1186 284.5532 1457.0618
660.2367 289.1556 1780.356
659.3619 302.31506 1343.3254
659.869 342.88724 1061.4614
659.9458 362.1623 1832.7489
660.8245 364.31696 1833.6395
659.21936 379.49026 1274.4633
661.80634 424.05396 548.95435
659.9653 454.08914 1254.3828
660.1907 547.01526 1928.1576
659.9984 597.7645 1827.3944
659.50195 618.6908 676.5097
658.9794 651.2286 1281.3542
661.3535 708.90656 1629.3752
660.0828 745.08124 1002.882
660.4045 758.74255 673.8681
659.9339 776.5536 757.5757
659.5955 824.16486 1361.9832
659.4952 943.13007 1834.4977
661.63477 1010.3638 473.65054
660.9948 1050.2092 1578.1917
660.1267 1064.9827 1381.8379
662.92847 1077.3177 685.9909
661.42694 1076.312 686.0084
661.0547 1116.9667 1942.0089
661.1946 1183.1998 1262.8174
660.8439 1235.197 717.21985
661.12476 1262.7307 576.7572
660.3185 1293.2026 336.77216
661.01855 1325.2957 273.1086
661.6088 1359.9998 1583.0793
660.54785 1372.1086 738.5114
662.2826 1375.699 1529.6428
660.226 1434.8665 1971.3414
660.3844 1488.7882 1707.5219
661.45917 1496.6111 1010.1865
661.50165 1526.9833 774.8949
662.3852 1572.3041 1644.8998
660.8987 1585.9956 204.549
661.83606 1595.9171 892.86395
661.0934 1643.1013 1470.4482
660.86084 1647.5118 601.23254
661.9601 1653.3597 1085.2057
660.9608 1708.3058 1053.8992
661.6191 1707.7585 820.1077
660.6253 1738.9816 1713.1378
661.92816 1746.0767 524.1432
661.80817 1856.7769 944.9008
660.78564 1949.0869 949.3812
